5000
5633 7299
5665 7395
5617 7280
5636 7262
5647 7254
5631 7247
5671 7296
5682 7351
5604 7356
5661 7380
5700 7205
5653 7259
5635 7270
5659 7349
5629 7372
5638 7256
5664 7334
5697 7397
5700 7311
5685 7338
5628 7304
5646 7284
5616 7248
5625 7350
5674 7354
5640 7260
5643 7234
5627 7347
5608 7201
5660 7320
5677 7201
5615 7238
5655 7310
5686 7238
5681 7313
5698 7222
5676 7202
5676 7280
5670 7381
5616 7263
5629 7215
5621 7310
5669 7263
5678 7289
5652 7220
5683 7282
5648 7203
5660 7312
5610 7233
5633 7255
5679 7386
5697 7349
5629 7373
5671 7211
5619 7309
5620 7359
5636 7310
5688 7260
5619 7301
5657 7212
5664 7258
5616 7254
5668 7322
5687 7336
5630 7237
5700 7370
5695 7246
5690 7250
5649 7201
5606 7239
5645 7229
5694 7276
5604 7368
5676 7275
5696 7251
5663 7220
5690 7240
5694 7304
5622 7232
5699 7376
5663 7256
5615 7322
5681 7238
5657 7246
5695 7210
5698 7232
5667 7349
5600 7284
5638 7329
5692 7280
5630 7304
5644 7331
5600 7332
5611 7239
5678 7393
5623 7315
5674 7340
5684 7244
5663 7309
5679 7399
5672 7222
5631 7317
5680 7236
5671 7309
5674 7235
5688 7226
5621 7335
5617 7237
5603 7282
5680 7332
5607 7356
5700 7228
5627 7298
5614 7255
5694 7318
5695 7217
5674 7326
5682 7295
5674 7285
5605 7312
5620 7251
5617 7387
5671 7365
5665 7359
5607 7320
5633 7354
5655 7248
5664 7320
5629 7364
5661 7268
5631 7324
5634 7236
5610 7219
5652 7308
5699 7343
5673 7387
5603 7345
5640 7229
5619 7344
5622 7227
5685 7270
5623 7338
5601 7208
5640 7257
5678 7325
5659 7295
5603 7266
5690 7349
5646 7387
5646 7275
5677 7326
5646 7364
5690 7320
5608 7257
5641 7296
5630 7395
5626 7393
5689 7358
5633 7218
5636 7266
5624 7325
5626 7281
5631 7294
5658 7296
5625 7383
5689 7395
5652 7291
5601 7287
5628 7296
5698 7355
5617 7363
5637 7229
5666 7397
5668 7359
5646 7358
5697 7259
5656 7385
5676 7381
5648 7331
5622 7324
5659 7301
5693 7392
5673 7221
5667 7322
5637 7343
5627 7299
5643 7280
5620 7314
5677 7314
5605 7271
5603 7257
5634 7347
5634 7348
5664 7323
5670 7267
5696 7234
5692 7226
5688 7208
5617 7362
5620 7366
5604 7361
5623 7364
5618 7205
5602 7274
5616 7261
5644 7328
5696 7242
5640 7247
5604 7260
5630 7399
5659 7232
5667 7224
5690 7235
5691 7208
5692 7223
5662 7297
5604 7342
5633 7346
5687 7329
5639 7251
5663 7320
5628 7264
5692 7320
5603 7374
5662 7231
5630 7312
5607 7309
5653 7200
5685 7347
5646 7295
5644 7317
5637 7356
5670 7290
5685 7328
5671 7358
5645 7381
5655 7372
5637 7348
5630 7354
5650 7368
5600 7380
5620 7203
5666 7243
5660 7297
5648 7259
5611 7381
5612 7323
5688 7219
5619 7212
5601 7278
5631 7373
5668 7265
5613 7235
5623 7382
5691 7275
5645 7385
5613 7247
5656 7264
5690 7231
5689 7392
5651 7210
5700 7200
5667 7348
5629 7311
5671 7212
5605 7365
5650 7345
5637 7287
5608 7364
5633 7220
5607 7298
5626 7344
5608 7227
5670 7320
5615 7203
5683 7261
5625 7321
5638 7388
5630 7200
5693 7261
5689 7289
5682 7381
5662 7247
5664 7350
5649 7304
5646 7371
5656 7381
5679 7268
5679 7287
5678 7228
5652 7213
5682 7251
5619 7298
5667 7391
5661 7200
5671 7392
5692 7306
5689 7287
5638 7227
5696 7230
5652 7237
5621 7326
5690 7239
5636 7316
5660 7309
5667 7237
5611 7232
5644 7220
5679 7245
5699 7254
5662 7232
5654 7345
5613 7318
5686 7367
5604 7321
5666 7257
5659 7232
5689 7289
5653 7389
5672 7353
5605 7332
5644 7290
5651 7252
5606 7254
5682 7324
5611 7355
5687 7249
5636 7286
5628 7205
5699 7387
5618 7225
5646 7247
5688 7355
5664 7348
5658 7363
5699 7285
5625 7282
5629 7201
5606 7392
5670 7357
5699 7286
5675 7251
5611 7332
5616 7329
5612 7383
5630 7272
5692 7371
5628 7380
5613 7282
5689 7267
5668 7234
5650 7334
5648 7388
5683 7230
5600 7238
5663 7221
5661 7268
5662 7315
5603 7222
5611 7367
5627 7238
5619 7218
5666 7373
5625 7244
5684 7300
5642 7281
5674 7316
5665 7219
5646 7244
5612 7230
5600 7300
5675 7293
5641 7314
5664 7388
5679 7322
5609 7354
5698 7322
5652 7254
5654 7223
5697 7214
5668 7309
5631 7346
5676 7212
5698 7274
5655 7311
5603 7333
5623 7240
5636 7204
5638 7244
5699 7228
5629 7307
5623 7203
5667 7369
5600 7335
5659 7370
5694 7335
5621 7282
5681 7235
5636 7239
5602 7272
5676 7293
5634 7395
5689 7305
5611 7302
5652 7328
5614 7308
5694 7307
5632 7219
5648 7218
5632 7319
5671 7391
5698 7389
5601 7241
5668 7380
5627 7347
5649 7384
5620 7207
5610 7285
5653 7252
5632 7392
5677 7202
5609 7287
5659 7375
5678 7221
5649 7200
5609 7240
5628 7306
5654 7230
5615 7355
5638 7297
5694 7255
5616 7381
5676 7369
5661 7201
5600 7281
5620 7224
5637 7226
5661 7335
5681 7203
5611 7237
5681 7227
5607 7258
5651 7344
5611 7304
5608 7264
5639 7299
5632 7330
5680 7286
5668 7267
5699 7280
5674 7227
5652 7235
5672 7387
5606 7270
5657 7284
5617 7280
5669 7311
5698 7277
5603 7285
5607 7271
5693 7291
5687 7374
5699 7313
5636 7276
5693 7342
5659 7322
5644 7324
5624 7352
5642 7331
5619 7302
5643 7394
5657 7354
5694 7347
5684 7276
5644 7225
5680 7247
5609 7316
5605 7312
5639 7389
5670 7307
5689 7370
5675 7278
5654 7346
5607 7311
5630 7370
5626 7262
5644 7395
5613 7338
5640 7337
5660 7272
5691 7341
5646 7265
5696 7275
5658 7377
5613 7378
5692 7261
5684 7293
5649 7256
5613 7235
5614 7251
5645 7390
5629 7366
5682 7277
5689 7286
5670 7368
5603 7359
5647 7201
5666 7248
5661 7278
5700 7321
5606 7360
5603 7323
5672 7354
5643 7297
5663 7380
5699 7384
5646 7371
5623 7244
5656 7292
5614 7363
5641 7229
5666 7386
5616 7219
5625 7247
5637 7224
5683 7216
5683 7333
5607 7214
5613 7292
5688 7239
5615 7372
5663 7322
5612 7291
5655 7302
5626 7302
5609 7300
5683 7246
5665 7299
5689 7279
5655 7241
5651 7339
5634 7302
5692 7321
5605 7399
5652 7308
5684 7348
5603 7296
5655 7322
5616 7360
5638 7376
5646 7289
5675 7382
5632 7250
5626 7203
5673 7267
5608 7384
5626 7392
5676 7210
5640 7277
5650 7385
5613 7303
5677 7396
5651 7347
5647 7372
5691 7262
5636 7322
5684 7329
5685 7297
5640 7230
5682 7348
5602 7302
5619 7371
5687 7280
5662 7384
5625 7366
5699 7232
5667 7345
5691 7278
5660 7328
5632 7235
5631 7211
5686 7210
5612 7373
5616 7380
5676 7319
5692 7332
5696 7396
5674 7342
5642 7353
5650 7227
5665 7334
5637 7292
5695 7323
5616 7335
5656 7326
5619 7260
5613 7376
5621 7215
5622 7220
5654 7311
5638 7359
5677 7304
5673 7344
5638 7330
5647 7220
5607 7313
5699 7379
5634 7234
5659 7318
5640 7223
5622 7246
5655 7337
5608 7229
5600 7323
5664 7322
5616 7226
5689 7324
5608 7224
5630 7337
5682 7293
5643 7264
5617 7391
5656 7231
5667 7212
5608 7392
5615 7290
5648 7374
5696 7231
5697 7276
5625 7312
5698 7371
5683 7299
5619 7394
5664 7325
5667 7248
5657 7328
5643 7318
5658 7390
5666 7254
5689 7380
5679 7359
5614 7285
5651 7329
5605 7286
5665 7317
5694 7213
5617 7348
5632 7304
5637 7247
5657 7204
5683 7288
5695 7317
5613 7345
5618 7357
5650 7398
5697 7294
5653 7322
5602 7317
5621 7216
5681 7380
5684 7356
5604 7316
5603 7318
5606 7202
5635 7310
5649 7293
5625 7303
5618 7382
5682 7368
5689 7239
5688 7380
5639 7347
5648 7382
5617 7282
5693 7286
5680 7240
5672 7350
5694 7318
5618 7325
5683 7394
5612 7362
5636 7354
5624 7226
5646 7329
5698 7316
5654 7291
5672 7275
5654 7329
5673 7381
5647 7260
5697 7270
5674 7362
5639 7304
5698 7340
5643 7289
5636 7394
5614 7263
5614 7291
5604 7228
5631 7218
5624 7275
5657 7315
5609 7349
5656 7237
5672 7261
5636 7313
5626 7330
5677 7373
5644 7382
5608 7322
5665 7296
5657 7348
5620 7252
5700 7338
5614 7205
5611 7238
5675 7327
5626 7337
5617 7268
5643 7327
5627 7361
5655 7383
5671 7258
5650 7217
5613 7386
5607 7319
5604 7387
5636 7330
5667 7247
5610 7250
5669 7379
5629 7376
5622 7350
5650 7325
5671 7227
5672 7229
5689 7362
5606 7362
5627 7320
5652 7389
5695 7354
5669 7256
5600 7366
5666 7337
5648 7315
5670 7228
5600 7382
5656 7305
5617 7354
5659 7287
5656 7286
5696 7327
5606 7325
5612 7370
5662 7210
5609 7333
5663 7280
5678 7220
5609 7266
5616 7380
5643 7392
5666 7295
5669 7258
5677 7391
5612 7296
5634 7200
5672 7303
5645 7232
5623 7202
5653 7205
5602 7239
5638 7320
5663 7313
5607 7288
5604 7286
5648 7335
5629 7340
5649 7367
5660 7391
5691 7217
5610 7251
5656 7233
5683 7285
5680 7223
5679 7237
5630 7340
5639 7308
5671 7288
5652 7258
5666 7335
5647 7340
5674 7217
5666 7371
5645 7362
5631 7288
5625 7386
5696 7324
5654 7396
5661 7388
5639 7212
5643 7205
5655 7306
5667 7379
5622 7290
5668 7320
5600 7300
5618 7273
5666 7231
5613 7307
5659 7345
5618 7283
5602 7226
5659 7397
5628 7206
5609 7294
5650 7214
5669 7375
5692 7303
5625 7372
5608 7326
5621 7227
5651 7351
5605 7344
5618 7228
5635 7347
5633 7392
5694 7265
5697 7217
5675 7223
5603 7363
5606 7258
5660 7312
5604 7247
5687 7397
5690 7200
5608 7257
5632 7330
5606 7325
5653 7220
5680 7322
5644 7210
5638 7294
5637 7360
5637 7358
5604 7235
5630 7289
5645 7299
5700 7331
5693 7201
5611 7219
5652 7349
5609 7288
5697 7290
5674 7278
5685 7245
5682 7288
5656 7274
5611 7366
5668 7331
5688 7390
5613 7382
5618 7352
5668 7247
5632 7241
5612 7240
5620 7358
5687 7259
5649 7324
5684 7223
5699 7326
5631 7222
5620 7320
5652 7280
5686 7354
5601 7204
5629 7250
5647 7289
5678 7349
5676 7396
5645 7270
5643 7315
5616 7228
5602 7388
5681 7242
5608 7357
5650 7358
5682 7393
5676 7394
5653 7318
5625 7278
5697 7205
5606 7245
5684 7396
5605 7300
5635 7308
5622 7343
5617 7252
5616 7400
5665 7249
5641 7253
5618 7257
5667 7330
5691 7338
5692 7353
5649 7389
5618 7336
5602 7310
5655 7318
5625 7273
5620 7304
5600 7323
5640 7392
5669 7241
5609 7266
5662 7285
5694 7357
5666 7337
5650 7392
5658 7359
5665 7346
5634 7264
5630 7375
5691 7365
5623 7296
5697 7358
5645 7263
5675 7267
5689 7367
5680 7285
5691 7327
5645 7345
5687 7305
5634 7297
5690 7240
5657 7232
5607 7292
5621 7283
5624 7293
5673 7233
5614 7313
5683 7259
5642 7346
5616 7374
5685 7225
5654 7285
5605 7211
5604 7360
5675 7375
5650 7396
5636 7208
5611 7273
5683 7218
5658 7319
5630 7250
5605 7378
5647 7232
5634 7280
5668 7272
5661 7358
5680 7363
5670 7210
5647 7242
5602 7207
5685 7255
5671 7383
5604 7317
5662 7235
5676 7232
5639 7224
5678 7335
5646 7363
5631 7360
5682 7330
5688 7297
5642 7353
5600 7218
5633 7247
5660 7350
5645 7239
5694 7361
5613 7340
5694 7379
5624 7300
5635 7277
5680 7273
5607 7357
5667 7236
5687 7248
5681 7293
5636 7261
5644 7274
5654 7311
5658 7205
5651 7278
5611 7293
5695 7370
5638 7289
5690 7230
5677 7217
5693 7362
5697 7284
5658 7285
5656 7400
5690 7242
5615 7209
5647 7340
5629 7248
5674 7312
5618 7396
5687 7306
5650 7363
5604 7355
5659 7397
5667 7323
5676 7315
5678 7329
5626 7229
5638 7399
5692 7240
5671 7397
5624 7275
5686 7375
5700 7237
5622 7245
5622 7299
5615 7293
5638 7227
5659 7225
5698 7260
5628 7228
5633 7279
5615 7254
5653 7348
5695 7338
5674 7268
5661 7242
5616 7340
5659 7245
5620 7300
5653 7337
5627 7363
5604 7328
5611 7373
5663 7330
5659 7312
5622 7219
5626 7400
5632 7286
5601 7278
5603 7311
5690 7245
5651 7279
5630 7391
5675 7273
5696 7278
5696 7332
5689 7349
5603 7340
5697 7207
5641 7272
5622 7323
5601 7292
5697 7291
5613 7242
5685 7382
5643 7362
5654 7373
5612 7214
5634 7344
5692 7221
5688 7229
5604 7386
5647 7294
5620 7223
5625 7261
5616 7360
5655 7330
5681 7258
5652 7218
5613 7355
5608 7281
5677 7328
5696 7372
5602 7379
5652 7387
5611 7202
5659 7374
5670 7236
5648 7269
5636 7213
5655 7265
5686 7259
5654 7249
5694 7265
5633 7251
5680 7254
5645 7358
5636 7246
5684 7303
5629 7382
5694 7238
5667 7251
5653 7305
5639 7380
5601 7231
5700 7269
5696 7302
5634 7361
5656 7244
5646 7350
5653 7203
5643 7229
5622 7282
5682 7230
5611 7263
5648 7280
5687 7327
5676 7399
5684 7272
5661 7210
5617 7254
5618 7374
5635 7373
5646 7367
5663 7353
5658 7353
5678 7269
5629 7277
5626 7257
5620 7374
5659 7250
5606 7315
5666 7324
5666 7387
5616 7217
5690 7313
5669 7370
5662 7381
5607 7277
5682 7237
5621 7225
5647 7289
5686 7205
5688 7298
5643 7382
5685 7397
5698 7237
5614 7251
5613 7346
5602 7201
5652 7281
5612 7276
5643 7255
5648 7298
5603 7384
5617 7330
5650 7377
5676 7369
5634 7384
5600 7389
5649 7220
5614 7299
5699 7256
5660 7351
5655 7326
5697 7210
5669 7307
5669 7346
5621 7359
5666 7262
5693 7279
5631 7205
5645 7228
5678 7272
5611 7243
5664 7311
5672 7331
5670 7321
5698 7281
5615 7266
5683 7345
5608 7225
5615 7328
5674 7241
5615 7353
5617 7289
5639 7255
5630 7324
5687 7359
5664 7222
5687 7205
5663 7335
5636 7288
5692 7296
5693 7343
5617 7335
5628 7256
5683 7385
5669 7232
5675 7363
5629 7302
5636 7338
5652 7374
5700 7372
5650 7329
5619 7376
5608 7200
5634 7279
5692 7250
5603 7245
5660 7373
5665 7297
5646 7348
5634 7299
5684 7359
5611 7392
5682 7342
5631 7398
5699 7386
5676 7229
5611 7203
5656 7219
5653 7347
5639 7239
5685 7379
5663 7275
5614 7306
5603 7380
5696 7391
5664 7383
5611 7340
5608 7216
5673 7215
5647 7293
5683 7264
5665 7282
5609 7318
5655 7281
5629 7317
5673 7324
5668 7386
5605 7201
5650 7250
5685 7267
5622 7343
5669 7388
5669 7337
5699 7285
5602 7372
5635 7308
5637 7330
5694 7348
5607 7274
5694 7282
5634 7382
5681 7259
5697 7236
5642 7272
5684 7228
5687 7281
5621 7351
5668 7255
5648 7241
5635 7364
5665 7400
5672 7294
5634 7243
5632 7320
5611 7239
5652 7335
5609 7344
5658 7350
5653 7330
5611 7356
5674 7319
5659 7231
5601 7365
5672 7311
5660 7318
5699 7251
5612 7239
5644 7249
5627 7365
5647 7341
5689 7249
5618 7368
5633 7373
5617 7338
5660 7309
5649 7382
5657 7252
5601 7262
5639 7357
5627 7270
5672 7237
5678 7364
5671 7394
5686 7253
5611 7329
5647 7363
5615 7390
5681 7378
5660 7272
5678 7327
5613 7239
5684 7343
5615 7379
5627 7384
5679 7294
5663 7248
5681 7326
5639 7391
5672 7371
5656 7348
5667 7320
5622 7293
5646 7339
5676 7329
5623 7214
5632 7392
5660 7395
5673 7259
5623 7392
5623 7246
5635 7214
5663 7242
5680 7277
5602 7353
5636 7240
5653 7278
5680 7223
5685 7260
5688 7323
5661 7399
5644 7221
5684 7316
5634 7353
5605 7388
5687 7295
5660 7370
5654 7252
5665 7261
5603 7275
5615 7336
5663 7273
5636 7220
5639 7274
5688 7379
5640 7225
5630 7364
5653 7300
5612 7336
5683 7335
5695 7389
5682 7348
5601 7277
5611 7257
5683 7250
5642 7307
5627 7382
5698 7202
5693 7327
5656 7380
5669 7287
5608 7279
5644 7325
5602 7242
5609 7262
5603 7278
5684 7319
5686 7200
5624 7302
5624 7339
5675 7392
5661 7213
5661 7306
5645 7238
5656 7253
5660 7347
5622 7261
5658 7211
5684 7213
5658 7254
5639 7230
5696 7226
5700 7247
5643 7350
5687 7299
5616 7214
5635 7236
5622 7260
5695 7301
5681 7294
5635 7334
5688 7216
5666 7298
5646 7233
5608 7359
5652 7367
5648 7260
5689 7357
5609 7318
5619 7209
5669 7249
5606 7235
5655 7379
5675 7235
5622 7332
5664 7321
5624 7242
5676 7385
5655 7206
5606 7396
5630 7337
5619 7337
5667 7245
5644 7248
5616 7211
5608 7352
5655 7313
5696 7298
5680 7329
5626 7348
5675 7331
5687 7350
5634 7295
5698 7273
5657 7340
5667 7282
5601 7320
5663 7250
5683 7325
5693 7272
5658 7338
5639 7332
5691 7330
5629 7283
5632 7359
5608 7275
5646 7235
5607 7279
5653 7306
5669 7275
5615 7251
5603 7245
5606 7305
5688 7397
5613 7347
5634 7370
5681 7254
5658 7296
5666 7248
5625 7388
5672 7342
5626 7367
5654 7207
5623 7391
5607 7347
5613 7391
5611 7299
5667 7353
5631 7288
5670 7238
5632 7344
5617 7257
5624 7239
5681 7282
5644 7250
5656 7287
5610 7331
5663 7339
5678 7297
5629 7309
5624 7367
5676 7309
5666 7308
5666 7289
5608 7208
5684 7326
5633 7215
5673 7373
5625 7201
5645 7388
5607 7209
5604 7285
5601 7284
5681 7323
5642 7319
5601 7200
5696 7325
5674 7356
5662 7278
5627 7374
5614 7301
5654 7317
5697 7304
5635 7287
5633 7310
5696 7217
5636 7289
5643 7243
5690 7306
5603 7354
5696 7244
5644 7263
5698 7287
5627 7333
5666 7398
5620 7355
5635 7247
5700 7236
5628 7361
5623 7303
5606 7206
5698 7351
5686 7224
5689 7371
5615 7346
5625 7364
5635 7296
5683 7310
5649 7280
5620 7339
5643 7228
5670 7229
5620 7213
5658 7271
5648 7217
5600 7322
5671 7399
5686 7396
5671 7376
5645 7328
5627 7330
5659 7337
5620 7259
5634 7214
5686 7240
5654 7220
5619 7297
5664 7398
5675 7349
5636 7271
5695 7385
5602 7371
5602 7326
5694 7331
5668 7236
5618 7376
5678 7208
5688 7238
5610 7356
5611 7385
5695 7203
5671 7346
5614 7278
5667 7262
5625 7255
5634 7372
5685 7319
5651 7257
5636 7256
5699 7326
5609 7249
5659 7384
5695 7362
5691 7246
5670 7292
5695 7346
5609 7246
5637 7220
5643 7347
5633 7239
5663 7246
5654 7328
5686 7303
5686 7286
5697 7393
5692 7331
5626 7252
5667 7240
5662 7243
5639 7297
5638 7343
5682 7307
5639 7328
5658 7332
5664 7278
5686 7370
5637 7215
5689 7208
5668 7355
5669 7320
5616 7303
5689 7249
5668 7230
5662 7309
5638 7282
5674 7221
5647 7256
5606 7345
5691 7304
5643 7362
5652 7220
5690 7292
5660 7230
5623 7218
5610 7202
5627 7349
5611 7233
5664 7387
5688 7293
5673 7323
5655 7364
5600 7261
5604 7242
5698 7374
5674 7217
5626 7208
5652 7273
5693 7349
5612 7330
5653 7384
5610 7341
5652 7369
5606 7330
5692 7390
5678 7356
5621 7325
5662 7258
5650 7319
5628 7347
5669 7207
5614 7227
5606 7332
5690 7339
5622 7366
5663 7256
5651 7347
5662 7287
5647 7396
5636 7223
5662 7375
5664 7349
5638 7261
5640 7249
5654 7241
5686 7333
5615 7244
5671 7364
5612 7247
5696 7231
5662 7252
5644 7309
5654 7375
5630 7335
5617 7357
5680 7386
5630 7263
5681 7207
5653 7336
5620 7313
5609 7378
5662 7272
5688 7307
5693 7359
5607 7309
5633 7311
5606 7257
5671 7320
5641 7350
5686 7300
5617 7324
5692 7387
5672 7264
5609 7334
5671 7375
5628 7280
5685 7223
5690 7342
5627 7356
5647 7351
5660 7272
5627 7280
5641 7304
5618 7266
5664 7263
5660 7253
5665 7382
5647 7395
5649 7327
5690 7215
5642 7213
5654 7335
5614 7365
5611 7222
5648 7325
5671 7238
5666 7388
5655 7230
5605 7258
5687 7227
5626 7360
5668 7213
5625 7239
5679 7219
5676 7303
5637 7257
5660 7399
5660 7331
5622 7275
5656 7261
5660 7381
5602 7316
5642 7224
5630 7294
5688 7294
5687 7202
5637 7366
5698 7313
5624 7258
5681 7386
5698 7241
5617 7271
5683 7393
5603 7225
5671 7264
5663 7385
5669 7392
5660 7366
5675 7275
5687 7396
5642 7399
5670 7229
5645 7392
5677 7317
5623 7281
5624 7361
5684 7372
5662 7310
5631 7265
5646 7219
5623 7382
5624 7242
5680 7263
5607 7376
5630 7230
5680 7375
5647 7332
5699 7252
5617 7357
5662 7386
5628 7278
5662 7358
5695 7395
5634 7223
5636 7237
5688 7229
5647 7275
5670 7222
5622 7375
5630 7276
5632 7265
5615 7315
5604 7394
5663 7329
5648 7227
5600 7308
5626 7302
5681 7299
5626 7200
5645 7361
5690 7284
5692 7292
5677 7352
5633 7254
5684 7268
5605 7200
5612 7373
5631 7321
5676 7384
5694 7237
5675 7335
5687 7394
5611 7392
5656 7312
5668 7368
5633 7238
5634 7315
5600 7397
5619 7346
5618 7214
5678 7360
5700 7226
5653 7252
5696 7280
5697 7367
5602 7237
5653 7313
5696 7236
5676 7213
5656 7221
5640 7313
5697 7205
5691 7344
5672 7397
5604 7266
5680 7225
5684 7351
5635 7233
5651 7237
5634 7358
5624 7388
5605 7369
5630 7328
5665 7324
5671 7384
5665 7287
5680 7306
5633 7247
5661 7288
5684 7298
5670 7295
5645 7248
5657 7315
5600 7319
5629 7303
5697 7323
5675 7325
5641 7358
5637 7332
5639 7399
5612 7265
5643 7351
5655 7330
5672 7249
5681 7299
5676 7313
5658 7371
5603 7213
5646 7318
5612 7300
5699 7385
5699 7347
5685 7267
5649 7280
5684 7291
5635 7213
5607 7397
5696 7390
5629 7251
5674 7339
5602 7286
5674 7278
5636 7369
5692 7275
5672 7269
5649 7204
5698 7350
5687 7374
5647 7239
5633 7303
5686 7350
5614 7252
5601 7390
5662 7356
5635 7244
5688 7225
5624 7309
5607 7364
5679 7308
5680 7255
5634 7204
5618 7255
5681 7383
5622 7380
5607 7396
5642 7343
5624 7297
5653 7378
5642 7264
5674 7263
5678 7329
5686 7204
5686 7332
5684 7397
5699 7321
5668 7267
5609 7373
5681 7241
5641 7208
5687 7344
5628 7299
5694 7308
5678 7312
5613 7329
5680 7366
5638 7324
5676 7263
5604 7319
5700 7366
5618 7282
5691 7297
5656 7277
5618 7325
5673 7283
5613 7274
5657 7377
5687 7296
5618 7212
5656 7330
5627 7287
5697 7258
5604 7252
5657 7268
5638 7381
5689 7259
5684 7356
5693 7277
5661 7292
5625 7310
5631 7221
5682 7288
5670 7400
5649 7253
5650 7252
5698 7273
5693 7307
5637 7274
5637 7290
5695 7265
5649 7395
5602 7275
5621 7279
5610 7238
5670 7349
5610 7297
5694 7246
5685 7316
5693 7320
5678 7200
5656 7302
5687 7273
5612 7335
5612 7384
5632 7295
5642 7281
5629 7399
5673 7210
5683 7318
5649 7400
5650 7380
5686 7299
5615 7381
5645 7283
5608 7373
5640 7299
5686 7395
5681 7232
5684 7280
5632 7359
5680 7345
5664 7227
5643 7391
5684 7377
5698 7277
5692 7298
5631 7398
5631 7288
5617 7263
5666 7291
5700 7203
5684 7376
5650 7295
5674 7302
5700 7342
5677 7383
5633 7270
5638 7328
5699 7235
5673 7351
5639 7238
5666 7397
5652 7271
5651 7263
5605 7297
5689 7374
5644 7398
5684 7299
5641 7236
5683 7368
5611 7265
5653 7262
5602 7336
5620 7313
5632 7343
5686 7329
5618 7339
5630 7279
5648 7354
5650 7338
5673 7258
5689 7276
5649 7272
5645 7242
5674 7360
5663 7272
5669 7309
5646 7207
5660 7219
5621 7262
5612 7390
5631 7333
5630 7239
5628 7203
5629 7340
5668 7215
5635 7294
5664 7382
5624 7289
5625 7331
5654 7302
5665 7390
5646 7216
5677 7253
5673 7228
5622 7229
5611 7381
5623 7317
5670 7307
5616 7325
5619 7322
5667 7320
5667 7376
5672 7357
5699 7353
5609 7283
5697 7308
5603 7237
5632 7378
5652 7272
5643 7383
5607 7294
5644 7214
5614 7332
5652 7221
5627 7217
5645 7266
5696 7205
5606 7379
5637 7309
5607 7329
5668 7315
5678 7362
5692 7225
5640 7273
5660 7292
5621 7217
5604 7347
5622 7220
5686 7313
5646 7366
5663 7283
5662 7215
5618 7330
5691 7295
5693 7243
5675 7235
5603 7293
5602 7383
5636 7363
5699 7398
5668 7329
5646 7387
5673 7333
5668 7263
5676 7308
5653 7331
5653 7217
5651 7276
5615 7258
5616 7299
5646 7281
5641 7371
5610 7372
5634 7219
5678 7322
5678 7298
5690 7388
5615 7391
5648 7203
5624 7339
5651 7260
5640 7346
5697 7348
5667 7329
5696 7363
5633 7388
5650 7256
5618 7221
5604 7234
5608 7247
5670 7297
5682 7310
5658 7212
5689 7325
5685 7375
5645 7207
5658 7323
5662 7385
5621 7347
5699 7347
5692 7222
5673 7368
5673 7241
5662 7259
5608 7231
5688 7212
5636 7356
5674 7278
5607 7215
5663 7301
5622 7328
5618 7298
5622 7278
5682 7292
5639 7213
5678 7240
5696 7365
5686 7333
5688 7292
5670 7388
5653 7377
5635 7262
5629 7285
5634 7234
5637 7369
5696 7249
5638 7250
5692 7279
5656 7255
5684 7352
5696 7239
5634 7271
5695 7387
5625 7287
5610 7398
5640 7278
5698 7263
5649 7302
5628 7216
5651 7384
5634 7342
5656 7274
5669 7206
5653 7250
5608 7353
5605 7263
5691 7267
5682 7387
5654 7297
5619 7324
5608 7369
5648 7341
5698 7214
5626 7200
5604 7266
5660 7323
5670 7205
5622 7382
5620 7208
5690 7345
5638 7286
5677 7373
5610 7325
5675 7363
5680 7201
5619 7390
5602 7303
5694 7317
5667 7363
5650 7258
5622 7221
5636 7357
5665 7255
5692 7326
5642 7379
5672 7245
5647 7255
5698 7290
5679 7312
5678 7344
5698 7212
5606 7233
5694 7356
5695 7344
5645 7352
5620 7363
5692 7357
5614 7229
5658 7252
5604 7352
5686 7372
5604 7255
5668 7387
5611 7209
5653 7400
5634 7236
5621 7280
5697 7305
5632 7338
5697 7399
5652 7352
5646 7253
5610 7339
5694 7344
5603 7252
5632 7393
5646 7269
5637 7209
5646 7366
5686 7302
5638 7311
5607 7347
5607 7215
5672 7381
5610 7312
5662 7280
5675 7303
5670 7230
5603 7337
5601 7204
5638 7257
5600 7208
5682 7354
5679 7200
5679 7241
5685 7204
5696 7213
5684 7213
5608 7361
5611 7340
5622 7219
5658 7255
5673 7324
5668 7234
5615 7259
5676 7397
5645 7259
5665 7234
5669 7341
5669 7329
5653 7200
5659 7354
5632 7370
5643 7364
5606 7217
5637 7355
5620 7345
5661 7359
5641 7336
5695 7396
5674 7281
5603 7392
5641 7275
5616 7379
5642 7229
5647 7274
5637 7387
5623 7227
5640 7212
5620 7264
5629 7325
5688 7343
5657 7327
5661 7339
5636 7390
5693 7256
5614 7319
5665 7290
5687 7216
5604 7308
5612 7335
5674 7273
5608 7208
5672 7287
5700 7310
5634 7262
5665 7362
5638 7295
5624 7388
5607 7247
5625 7355
5633 7359
5695 7259
5610 7222
5659 7233
5651 7221
5601 7239
5618 7252
5646 7305
5679 7370
5635 7299
5663 7210
5696 7247
5679 7350
5651 7303
5627 7281
5664 7319
5698 7247
5600 7227
5663 7359
5689 7250
5636 7308
5693 7392
5645 7226
5612 7315
5640 7347
5642 7316
5635 7385
5699 7224
5689 7386
5673 7308
5659 7309
5668 7266
5613 7322
5671 7346
5604 7281
5695 7247
5658 7301
5683 7239
5656 7229
5697 7301
5668 7281
5700 7218
5609 7388
5697 7252
5663 7213
5698 7285
5697 7354
5654 7319
5644 7274
5618 7359
5657 7220
5653 7287
5681 7386
5630 7340
5700 7245
5698 7321
5610 7336
5658 7202
5629 7259
5632 7302
5687 7292
5639 7362
5624 7274
5641 7342
5648 7372
5606 7340
5609 7336
5637 7368
5692 7241
5684 7355
5621 7215
5613 7243
5700 7346
5646 7246
5616 7237
5671 7355
5694 7353
5613 7301
5602 7321
5690 7384
5646 7213
5604 7304
5621 7234
5672 7291
5687 7328
5668 7271
5696 7236
5683 7357
5601 7208
5638 7290
5679 7388
5639 7396
5686 7265
5672 7340
5699 7369
5671 7282
5661 7238
5614 7392
5660 7308
5651 7258
5626 7301
5700 7333
5610 7278
5697 7221
5631 7220
5647 7263
5650 7262
5684 7298
5668 7311
5687 7307
5674 7256
5671 7340
5682 7272
5672 7204
5683 7393
5651 7208
5637 7312
5684 7327
5655 7378
5622 7235
5688 7400
5621 7221
5615 7392
5670 7311
5626 7236
5619 7380
5680 7358
5657 7312
5607 7314
5686 7332
5613 7284
5656 7222
5610 7272
5643 7286
5658 7315
5607 7359
5609 7232
5655 7367
5609 7245
5663 7220
5683 7234
5686 7267
5605 7386
5667 7270
5638 7357
5683 7359
5647 7303
5700 7293
5659 7361
5619 7398
5616 7270
5657 7299
5653 7203
5631 7289
5609 7218
5625 7208
5694 7279
5606 7347
5611 7300
5650 7362
5653 7241
5671 7358
5652 7272
5679 7291
5640 7347
5654 7383
5650 7219
5627 7388
5640 7364
5678 7232
5601 7320
5679 7264
5621 7393
5697 7309
5631 7320
5631 7346
5646 7325
5614 7361
5644 7286
5622 7266
5628 7235
5666 7392
5663 7292
5649 7304
5660 7303
5629 7347
5699 7292
5700 7397
5636 7237
5676 7361
5692 7299
5652 7300
5660 7229
5695 7371
5601 7214
5629 7209
5639 7337
5691 7326
5651 7244
5627 7203
5667 7335
5670 7324
5620 7272
5639 7376
5678 7265
5626 7397
5634 7394
5634 7300
5620 7327
5625 7263
5686 7247
5654 7393
5663 7238
5633 7394
5609 7290
5659 7358
5693 7344
5688 7241
5621 7222
5604 7390
5681 7313
5647 7301
5622 7400
5600 7351
5670 7227
5653 7308
5649 7254
5605 7372
5650 7350
5652 7395
5686 7277
5612 7244
5684 7362
5660 7272
5662 7222
5600 7336
5600 7248
5621 7400
5656 7275
5660 7315
5659 7322
5643 7209
5626 7265
5617 7368
5698 7364
5638 7384
5620 7302
5608 7225
5610 7342
5632 7383
5638 7345
5617 7320
5629 7338
5633 7374
5632 7315
5662 7241
5658 7293
5655 7261
5699 7273
5680 7380
5680 7202
5601 7212
5639 7364
5643 7383
5699 7229
5625 7287
5662 7350
5657 7261
5644 7231
5612 7274
5696 7212
5652 7253
5635 7258
5674 7359
5651 7332
5661 7377
5696 7298
5643 7249
5685 7287
5631 7354
5694 7344
5671 7293
5628 7207
5608 7358
5651 7326
5668 7350
5657 7390
5690 7258
5670 7310
5651 7339
5600 7332
5634 7299
5644 7394
5646 7218
5639 7347
5636 7397
5693 7253
5640 7360
5636 7330
5656 7350
5670 7270
5600 7269
5617 7280
5616 7319
5667 7305
5645 7201
5679 7312
5641 7217
5683 7315
5623 7220
5666 7338
5700 7339
5669 7356
5612 7299
5624 7389
5653 7203
5626 7288
5600 7260
5664 7233
5682 7362
5674 7247
5618 7263
5634 7309
5621 7348
5609 7231
5642 7357
5601 7253
5696 7321
5640 7327
5698 7241
5689 7311
5676 7393
5625 7249
5652 7283
5668 7201
5649 7216
5619 7387
5620 7332
5687 7361
5647 7286
5691 7235
5656 7329
5640 7354
5611 7203
5689 7381
5699 7216
5688 7295
5683 7262
5605 7221
5679 7343
5684 7307
5657 7244
5627 7270
5628 7327
5647 7298
5657 7278
5645 7293
5683 7269
5683 7400
5676 7285
5690 7260
5600 7266
5615 7291
5644 7316
5640 7352
5680 7247
5652 7242
5615 7274
5655 7248
5659 7306
5671 7259
5699 7400
5675 7324
5675 7317
5664 7276
5700 7244
5664 7201
5696 7238
5601 7205
5609 7388
5622 7243
5698 7377
5662 7266
5605 7225
5607 7356
5636 7219
5628 7354
5697 7372
5694 7351
5608 7380
5662 7246
5634 7240
5650 7211
5638 7346
5673 7318
5638 7262
5602 7327
5611 7284
5664 7371
5658 7272
5602 7345
5619 7298
5630 7375
5682 7308
5665 7357
5620 7200
5615 7357
5696 7317
5700 7284
5611 7355
5691 7282
5691 7219
5677 7316
5688 7249
5697 7239
5687 7251
5679 7316
5613 7365
5661 7280
5656 7254
5654 7354
5688 7280
5616 7238
5652 7390
5675 7332
5614 7206
5644 7299
5649 7371
5602 7326
5634 7282
5614 7267
5687 7209
5681 7344
5669 7239
5634 7270
5684 7289
5635 7255
5691 7261
5681 7324
5628 7386
5657 7328
5638 7297
5621 7287
5687 7376
5667 7381
5650 7375
5661 7211
5665 7315
5602 7400
5697 7291
5676 7294
5687 7331
5690 7233
5652 7354
5680 7353
5648 7223
5650 7272
5632 7332
5666 7387
5662 7276
5672 7349
5686 7357
5605 7215
5623 7387
5679 7239
5655 7379
5655 7379
5612 7251
5661 7202
5693 7345
5672 7396
5694 7241
5658 7338
5661 7236
5615 7202
5613 7263
5656 7259
5614 7228
5699 7391
5681 7242
5700 7234
5656 7280
5606 7214
5644 7387
5645 7295
5649 7376
5675 7309
5687 7322
5644 7283
5645 7289
5649 7352
5631 7237
5604 7382
5656 7273
5617 7354
5684 7330
5668 7223
5656 7399
5628 7284
5684 7363
5621 7267
5675 7320
5669 7271
5676 7345
5606 7314
5629 7258
5643 7365
5610 7302
5672 7272
5678 7212
5674 7335
5646 7332
5687 7251
5699 7390
5626 7373
5670 7366
5659 7259
5616 7396
5689 7354
5634 7284
5622 7215
5648 7342
5697 7207
5645 7360
5657 7361
5686 7235
5693 7368
5694 7337
5659 7322
5669 7206
5659 7315
5673 7216
5631 7203
5660 7398
5661 7214
5612 7293
5672 7297
5618 7388
5642 7224
5635 7210
5646 7395
5602 7349
5623 7223
5609 7309
5691 7316
5694 7353
5600 7276
5666 7233
5623 7281
5698 7379
5638 7390
5606 7248
5665 7247
5644 7307
5612 7347
5614 7378
5648 7229
5605 7230
5668 7367
5641 7380
5632 7210
5696 7270
5659 7253
5637 7297
5626 7292
5696 7286
5675 7312
5672 7262
5646 7216
5658 7381
5632 7233
5654 7228
5651 7338
5641 7208
5660 7255
5692 7319
5692 7389
5699 7356
5601 7399
5616 7238
5636 7258
5664 7335
5603 7265
5665 7278
5650 7245
5625 7319
5664 7331
5697 7390
5675 7396
5652 7309
5700 7210
5647 7372
5677 7387
5635 7202
5636 7378
5653 7364
5698 7392
5603 7233
5670 7306
5636 7342
5600 7304
5623 7227
5630 7244
5696 7270
5623 7316
5626 7264
5668 7201
5674 7351
5676 7249
5634 7245
5652 7308
5604 7325
5646 7359
5638 7388
5690 7343
5658 7394
5660 7371
5636 7295
5662 7382
5609 7219
5677 7302
5613 7344
5609 7359
5675 7210
5618 7343
5659 7238
5629 7218
5633 7253
5649 7327
5662 7383
5693 7373
5690 7252
5600 7220
5635 7231
5641 7344
5647 7343
5691 7345
5616 7314
5683 7389
5639 7292
5646 7393
5635 7243
5603 7303
5646 7295
5628 7293
5650 7279
5656 7291
5693 7286
5657 7368
5615 7225
5671 7329
5688 7400
5644 7384
5669 7305
5644 7201
5674 7313
5693 7250
5686 7253
5689 7378
5652 7235
5601 7395
5680 7369
5668 7277
5663 7376
5643 7334
5671 7280
5649 7400
5654 7252
5658 7269
5642 7248
5662 7384
5692 7371
5611 7255
5698 7365
5654 7291
5688 7307
5667 7361
5654 7270
5626 7306
5668 7232
5699 7207
5601 7210
5653 7369
5618 7326
5623 7358
5641 7316
5633 7388
5663 7323
5655 7270
5647 7278
5686 7368
5679 7381
5616 7379
5676 7263
5632 7329
5638 7384
5608 7285
5675 7395
5607 7312
5629 7230
5602 7353
5616 7255
5612 7399
5641 7373
5696 7269
5606 7342
5615 7274
5663 7396
5607 7209
5676 7372
5690 7299
5610 7254
5679 7301
5650 7341
5608 7259
5676 7226
5682 7209
5600 7223
5699 7266
5648 7370
5600 7225
5665 7343
5655 7231
5700 7340
5635 7253
5696 7204
5684 7392
5650 7236
5646 7274
5644 7323
5620 7215
5665 7216
5600 7244
5653 7355
5633 7359
5612 7312
5654 7318
5607 7327
5696 7355
5697 7297
5611 7295
5638 7389
5683 7252
5672 7349
5601 7386
5687 7242
5700 7352
5629 7303
5615 7229
5618 7281
5666 7329
5651 7261
5619 7245
5617 7372
5614 7225
5677 7299
5632 7222
5699 7388
5627 7369
5659 7349
5609 7372
5638 7263
5676 7246
5603 7386
5694 7350
5668 7396
5667 7363
5643 7282
5650 7238
5694 7217
5644 7317
5638 7396
5650 7251
5613 7203
5607 7263
5667 7303
5659 7202
5693 7370
5686 7334
5650 7213
5624 7368
5700 7291
5651 7292
5645 7236
5683 7217
5669 7225
5665 7282
5690 7208
5637 7219
5644 7302
5631 7275
5676 7313
5684 7367
5698 7262
5637 7355
5610 7213
5682 7306
5634 7292
5632 7386
5621 7244
5638 7210
5607 7275
5618 7312
5632 7309
5694 7265
5674 7269
5602 7302
5639 7313
5631 7251
5672 7366
5625 7388
5669 7269
5679 7364
5657 7214
5623 7261
5602 7252
5657 7356
5679 7268
5689 7377
5659 7368
5642 7227
5604 7300
5675 7252
5634 7376
5646 7238
5699 7312
5669 7347
5612 7342
5695 7252
5667 7278
5645 7333
5687 7385
5680 7319
5686 7306
5601 7351
5694 7256
5659 7255
5639 7381
5638 7279
5695 7366
5666 7238
5601 7292
5660 7282
5677 7374
5627 7206
5600 7213
5602 7295
5645 7388
5626 7224
5674 7323
5655 7339
5688 7227
5687 7378
5691 7362
5698 7288
5681 7372
5658 7320
5630 7397
5617 7369
5627 7218
5655 7285
5697 7382
5614 7337
5609 7281
5635 7363
5649 7256
5657 7218
5638 7281
5694 7282
5643 7308
5641 7303
5653 7221
5679 7290
5623 7285
5662 7321
5601 7387
5660 7282
5674 7366
5631 7295
5603 7354
5668 7271
5619 7205
5661 7232
5685 7340
5640 7201
5602 7265
5612 7252
5647 7203
5651 7202
5622 7225
5654 7244
5668 7233
5695 7363
5645 7283
5687 7337
5650 7240
5611 7352
5678 7265
5647 7386
5665 7288
5604 7282
5668 7262
5657 7295
5686 7201
5665 7349
5662 7344
5616 7306
5618 7319
5675 7259
5615 7353
5648 7251
5672 7237
5646 7346
5634 7358
5683 7258
5698 7320
5614 7321
5694 7316
5654 7357
5614 7278
5683 7226
5693 7262
5602 7254
5668 7312
5638 7265
5635 7270
5696 7358
5632 7385
5643 7207
5632 7214
5619 7274
5658 7303
5631 7250
5694 7346
5641 7243
5679 7293
5653 7248
5618 7331
5622 7333
5628 7396
5696 7204
5607 7302
5686 7213
5604 7258
5697 7316
5645 7233
5616 7254
5623 7204
5676 7245
5655 7211
5603 7223
5615 7333
5638 7326
5609 7329
5607 7247
5614 7310
5642 7305
5675 7317
5651 7313
5660 7234
5652 7328
5664 7365
5655 7224
5644 7398
5698 7308
5631 7378
5641 7383
5610 7252
5685 7254
5603 7368
5677 7263
5620 7254
5687 7247
5631 7309
5653 7314
5624 7258
5674 7268
5657 7242
5686 7297
5689 7324
5684 7292
5650 7313
5611 7257
5627 7236
5622 7237
5634 7363
5619 7263
5659 7230
5679 7336
5623 7237
5600 7314
5678 7266
5675 7315
5658 7391
5655 7313
5618 7387
5601 7359
5697 7368
5691 7322
5683 7265
5617 7292
5687 7361
5685 7382
5640 7363
5601 7338
5667 7359
5623 7361
5667 7331
5700 7220
5608 7377
5650 7300
5632 7341
5659 7251
5607 7216
5658 7382
5665 7367
5658 7241
5666 7243
5611 7267
5631 7320
5640 7309
5624 7286
5641 7346
5637 7282
5613 7222
5697 7389
5672 7239
5673 7288
5676 7220
5618 7266
5684 7244
5671 7328
5620 7205
5636 7258
5603 7383
5631 7242
5695 7280
5690 7272
5649 7302
5644 7305
5659 7385
5628 7389
5664 7201
5615 7265
5655 7371
5665 7275
5600 7249
5626 7294
5665 7215
5655 7243
5676 7320
5669 7313
5625 7332
5665 7235
5630 7302
5623 7235
5666 7222
5632 7223
5693 7317
5651 7296
5601 7252
5639 7385
5607 7290
5635 7333
5698 7237
5667 7396
5654 7245
5633 7318
5600 7398
5614 7215
5601 7352
5649 7334
5633 7206
5649 7251
5654 7264
5602 7355
5674 7238
5646 7326
5682 7221
5624 7328
5643 7216
5626 7378
5638 7249
5663 7393
5658 7302
5627 7291
5690 7387
5691 7298
5660 7225
5681 7319
5692 7303
5641 7319
5673 7342
5697 7313
5640 7319
5685 7249
5652 7306
5653 7281
5645 7275
5600 7310
5694 7220
5619 7330
5654 7305
5606 7221
5675 7240
5675 7349
5635 7289
5632 7351
5601 7289
5674 7324
5620 7276
5681 7303
5663 7225
5662 7267
5616 7262
5622 7261
5667 7338
5697 7251
5682 7210
5639 7313
5682 7253
5695 7308
5634 7352
5613 7363
5670 7287
5620 7392
5658 7392
5688 7256
5616 7217
5661 7392
5639 7278
5633 7386
5630 7353
5691 7355
5630 7203
5673 7297
5625 7319
5647 7367
5633 7314
5620 7397
5603 7334
5614 7201
5651 7281
5604 7399
5603 7318
5619 7242
5650 7278
5695 7238
5677 7244
5656 7366
5610 7382
5608 7366
5671 7295
5693 7276
5665 7260
5633 7394
5687 7319
5676 7286
5687 7286
5689 7342
5639 7330
5605 7317
5600 7339
5614 7271
5652 7305
5641 7201
5601 7388
5694 7398
5630 7360
5625 7337
5699 7293
5638 7314
5628 7234
5697 7261
5694 7225
5628 7307
5620 7230
5650 7310
5600 7306
5652 7341
5657 7236
5687 7237
5622 7281
5600 7208
5658 7334
5655 7381
5626 7374
5629 7215
5616 7216
5654 7218
5638 7321
5689 7240
5633 7336
5683 7385
5607 7264
5638 7310
5644 7273
5668 7259
5678 7352
5628 7400
5665 7265
5682 7238
5612 7305
5656 7372
5673 7274
5631 7331
5603 7253
5604 7227
5692 7306
5644 7326
5668 7306
5662 7256
5687 7265
5680 7226
5622 7331
5697 7264
5664 7329
5641 7298
5627 7349
5649 7218
5688 7208
5642 7205
5695 7207
5603 7211
5638 7224
5699 7203
5618 7348
5679 7265
5646 7320
5659 7289
5680 7365
5638 7283
5620 7397
5640 7218
5610 7391
5657 7395
5635 7215
5631 7222
5663 7256
5618 7297
5665 7249
5654 7238
5699 7212
5617 7252
5639 7383
5696 7260
5672 7357
5619 7269
5699 7392
5629 7400
5656 7391
5654 7202
5609 7388
5609 7359
5606 7366
5651 7253
5690 7373
5700 7222
5651 7359
5677 7269
5687 7291
5640 7351
5697 7210
5618 7332
5680 7345
5622 7286
5649 7324
5652 7229
5624 7388
5634 7226
5677 7395
5645 7293
5665 7225
5693 7225
5628 7397
5694 7267
5617 7218
5689 7301
5687 7394
5680 7263
5676 7232
5681 7288
5661 7344
5670 7248
5630 7290
5687 7318
5620 7268
5697 7240
5677 7209
5643 7204
5665 7259
5681 7281
5671 7266
5692 7291
5678 7298
5679 7357
5630 7210
5671 7317
5690 7230
5602 7314
5632 7325
5682 7260
5674 7268
5696 7288
5651 7247
5626 7324
5637 7236
5606 7278
5604 7308
5626 7360
5676 7264
5617 7340
5652 7337
5628 7236
5651 7252
5614 7283
5640 7306
5684 7314
5699 7255
5640 7209
5607 7333
5688 7240
5611 7235
5604 7333
5643 7206
5629 7391
5648 7225
5689 7361
5683 7277
5615 7289
5664 7393
5677 7338
5668 7206
5633 7311
5671 7236
5649 7251
5677 7299
5689 7216
5644 7237
5634 7392
5620 7300
5662 7387
5654 7210
5683 7283
5615 7356
5613 7335
5675 7242
5613 7252
5648 7307
5652 7238
5675 7294
5682 7274
5604 7381
5682 7375
5624 7288
5665 7263
5689 7211
5666 7261
5695 7355
5668 7299
5604 7321
5681 7208
5623 7316
5700 7330
5683 7310
5634 7264
5620 7332
5644 7229
5673 7317
5698 7304
5602 7342
5631 7381
5677 7373
5696 7206
5673 7280
5635 7256
5699 7238
5691 7216
5662 7250
5628 7351
5695 7347
5687 7270
5640 7384
5664 7257
5634 7251
5642 7385
5617 7262
5669 7307
5605 7201
5692 7262
5691 7312
5615 7283
5692 7329
5658 7287
5681 7303
5648 7232
5625 7223
5690 7234
5633 7384
5652 7311
5600 7241
5652 7257
5683 7272
5641 7379
5662 7290
5697 7384
5647 7399
5607 7220
5667 7288
5657 7252
5665 7380
5662 7267
5680 7295
5645 7237
5657 7329
5645 7323
5693 7336
5658 7225
5648 7241
5668 7305
5651 7294
5687 7234
5608 7382
5694 7342
5635 7390
5653 7374
5669 7248
5627 7245
5637 7283
5695 7289
5677 7206
5607 7289
5621 7393
5627 7352
5694 7244
5613 7378
5603 7355
5688 7255
5667 7254
5601 7390
5640 7331
5608 7313
5636 7325
5623 7302
5657 7335
5645 7341
5640 7278
5635 7213
5656 7284
5659 7349
5698 7355
5611 7206
5688 7309
5642 7278
5606 7369
5639 7260
5691 7280
5608 7354
5671 7355
5657 7299
5678 7276
5617 7268
5601 7304
5699 7238
5605 7270
5697 7231
5631 7398
5618 7376
5675 7263
5615 7380
5641 7206
5637 7285
5684 7234
5609 7304
5647 7339
5660 7308
5686 7363
5608 7258
5608 7297
5646 7200
5602 7362
5603 7350
5610 7328
5635 7246
5637 7347
5602 7389
5657 7312
5677 7333
5697 7379
5634 7289
5676 7238
5639 7222
5654 7315
5696 7262
5605 7314
5679 7249
5622 7327
5668 7330
5686 7284
5693 7243
5653 7354
5618 7256
5648 7244
5616 7331
5600 7336
5623 7220
5674 7390
5655 7325
5650 7263
5665 7399
5690 7339
5673 7394
5675 7218
5700 7301
5641 7398
5683 7286
5653 7366
5668 7306
5700 7298
5604 7347
5615 7289
5610 7241
5615 7322
5698 7361
5668 7215
5602 7227
5678 7353
5684 7218
5628 7263
5676 7278
5644 7275
5671 7282
5647 7218
5676 7223
5661 7337
5657 7373
5634 7225
5671 7252
5679 7376
5636 7335
5614 7268
5631 7229
5699 7332
5676 7270
5643 7371
5668 7366
5685 7331
5635 7231
5634 7218
5628 7298
5648 7391
5676 7366
5668 7307
5673 7303
5611 7276
5600 7232
5655 7398
5618 7380
5656 7400
5658 7376
5632 7388
5673 7393
5630 7334
5628 7365
5654 7304
5633 7355
5619 7340
5645 7309
5698 7286
5643 7319
5649 7326
5627 7367
5607 7203
5645 7310
5699 7342
5638 7365
5667 7367
5659 7212
5641 7234
5625 7293
5692 7219
5641 7381
5675 7383
5675 7325
5679 7379
5681 7200
5629 7302
5680 7232
5674 7219
5625 7388
5613 7259
5601 7399
5690 7219
5683 7288
5630 7224
5683 7375
5646 7257
5661 7351
5627 7290
5698 7339
5613 7275
5679 7281
5623 7307
5637 7367
5624 7275
5649 7356
5696 7396
5602 7280
5621 7377
5666 7271
5632 7377
5669 7388
5605 7361
5675 7206
5686 7247
5635 7286
5620 7282
5678 7372
5665 7337
5660 7394
5696 7354
5600 7256
5671 7395
5612 7263
5688 7369
5608 7264
5608 7221
5604 7295
5607 7365
5623 7394
5637 7228
5620 7393
5641 7332
5654 7222
5657 7304
5620 7315
5603 7310
5616 7272
5641 7277
5641 7342
5657 7329
5634 7387
5681 7275
5605 7338
5696 7222
5662 7293
5632 7224
5680 7353
5629 7398
5621 7214
5666 7383
5686 7271
5627 7352
5625 7230
5650 7363
5635 7334
5614 7239
5622 7267
5619 7216
5626 7347
5608 7271
5648 7244
5696 7370
5605 7364
5677 7213
5654 7276
5658 7212
5663 7366
5627 7297
5650 7269
5609 7315
5675 7307
5662 7361
5675 7322
5686 7308
5664 7317
5625 7385
5609 7262
5612 7359
5634 7325
5666 7304
5610 7228
5651 7361
5629 7398
5640 7308
5693 7221
5603 7231
5696 7209
5611 7262
5691 7376
5607 7224
5663 7282
5619 7251
5610 7240
5602 7383
5684 7347
5643 7392
5670 7312
5699 7221
5638 7202
5610 7385
5684 7364
5639 7256
5613 7232
5617 7344
5618 7333
5625 7245
5663 7392
5665 7267
5629 7325
5638 7230
5671 7260
5688 7396
5686 7286
5673 7216
5695 7371
5667 7325
5647 7367
5659 7312
5656 7334
5681 7299
5615 7209
5679 7259
5692 7307
5651 7264
5659 7322
5622 7248
5610 7335
5660 7344
5684 7281
5693 7342
5611 7322
5629 7268
5655 7365
5696 7223
5619 7205
5675 7377
5606 7258
5611 7205
5608 7300
5639 7399
5636 7302
5661 7375
5652 7215
5669 7344
5638 7256
5623 7334
5695 7233
5646 7393
5604 7204
5640 7372
5699 7367
5649 7231
5615 7387
5675 7285
5630 7279
5616 7217
5693 7366
5684 7365
5643 7331
5686 7352
5685 7262
5648 7350
5700 7343
5660 7392
5613 7260
5678 7350
5669 7252
5616 7387
5626 7360
5639 7225
5601 7321
5670 7335
5630 7270
5619 7237
5659 7260
5692 7208
5630 7265
5623 7395
5628 7393
5633 7212
5643 7316
5626 7376
5613 7219
5661 7377
5623 7312
5648 7238
5627 7317
5649 7246
5689 7389
5627 7219
5639 7368
5676 7221
5627 7345
5647 7223
5658 7355
5620 7328
5659 7323
5676 7222
5615 7319
5656 7314
5674 7293
5615 7355
5680 7305
5637 7297
5645 7247
5634 7308
5636 7270
5615 7316
5617 7330
5625 7209
5647 7375
5660 7359
5658 7304
5685 7355
5696 7338
5625 7301
5673 7381
5604 7388
5694 7400
5630 7305
5666 7288
5630 7284
5625 7237
5624 7284
5655 7366
5686 7219
5672 7332
5636 7374
5631 7283
5678 7364
5616 7400
5603 7216
5638 7309
5643 7376
5611 7318
5642 7360
5645 7229
5607 7298
5615 7241
5684 7302
5645 7282
5639 7324
5663 7238
5644 7317
5603 7346
5648 7236
5661 7360
5689 7236
5624 7387
5634 7311
5624 7279
5674 7366
5686 7241
5694 7212
5642 7341
5678 7233
5613 7263
5672 7322
5611 7386
5600 7211
5635 7351
5694 7319
5627 7396
5654 7394
5632 7391
5638 7275
5677 7312
5652 7312
5621 7386
5687 7335
5672 7268
5694 7263
5682 7358
5646 7353
5635 7207
5680 7216
5625 7359
5636 7304
5635 7370
5688 7207
5616 7267
5611 7288
5603 7259
5680 7321
5647 7398
5643 7207
5675 7268
5631 7319
5633 7333
5692 7264
5639 7243
5675 7341
5628 7282
5653 7272
5691 7386
5636 7309
5651 7333
5635 7201
5645 7322
5683 7398
5666 7276
5629 7228
5629 7287
5660 7372
5655 7287
5676 7261
5664 7361
5645 7239
5690 7290
5630 7252
5665 7394
5634 7213
5695 7219
5642 7315
5619 7363
5672 7394
5629 7241
5700 7277
5680 7235
5610 7260
5634 7372
5603 7222
5668 7330
5635 7309
5674 7399
5646 7328
5696 7245
5600 7368
5656 7229
5640 7355
5673 7313
5689 7282
5676 7400
5662 7299
5622 7388
5649 7224
5649 7351
5675 7361
5657 7350
5602 7204
5602 7349
5672 7326
5687 7397
5602 7396
5618 7236
5654 7397
5691 7374
5662 7246
5640 7241
5600 7394
5624 7317
5690 7353
5602 7263
5611 7396
5695 7400
5615 7392
5657 7389
5634 7220
5611 7363
5673 7269
5665 7250
5639 7350
5700 7349
5677 7276
5609 7260
5654 7229
5644 7318
5695 7210
5630 7287
5670 7335
5639 7310
5668 7283
5686 7357
5629 7220
5654 7208
5636 7244
5676 7224
5672 7233
5669 7217
5670 7259
5614 7259
5602 7392
5643 7306
5665 7210
5649 7292
5610 7235
5632 7214
5686 7380
5643 7264
5610 7398
5622 7375
5676 7382
5668 7256
5676 7288
5654 7392
5620 7333
5657 7244
5682 7210
5615 7295
5604 7288
5615 7356
5639 7378
5634 7258
5617 7304
5631 7317
5626 7292
5632 7265
5638 7336
5668 7203
5650 7335
5656 7236
5663 7248
5662 7352
5633 7261
5619 7318
5651 7338
5658 7366
5697 7235
5644 7274
5691 7240
5680 7370
5680 7377
5669 7321
5663 7354
5698 7377
5635 7312
5632 7394
5601 7332
5610 7303
5646 7234
5629 7266
5601 7297
5660 7348
5663 7363
5639 7285
5641 7297
5654 7273
5663 7258
5685 7379
5628 7238
5625 7257
5675 7233
5654 7293
5634 7236
5691 7354
5663 7216
5600 7398
5659 7324
5690 7217
5670 7400
5619 7265
5642 7392
5692 7304
5635 7351
5686 7350
5647 7343
5665 7223
5651 7374
5630 7203
5647 7301
5664 7224
5617 7331
5686 7245
5601 7203
5650 7393
5685 7271
5623 7285
5604 7290
5650 7212
5669 7304
5699 7257
5695 7204
5676 7394
5638 7280
5692 7366
5651 7288
5649 7254
5663 7354
5681 7376
5620 7241
5629 7241
5642 7369
5630 7284
5655 7206
5626 7294
5611 7298
5630 7394
5636 7392
5630 7297
5677 7200
5653 7310
5638 7364
5621 7345
5687 7318
5608 7395
5656 7315
5640 7318
5615 7221
5664 7318
5619 7250
5600 7334
5695 7237
5655 7322
5612 7262
5629 7382
5638 7394
5611 7360
5683 7396
5630 7320
5684 7306
5625 7330
5699 7247
5645 7251
5664 7273
5604 7351
5694 7214
5613 7363
5652 7295
5618 7267
5644 7371
5636 7248
5692 7265
5666 7314
5633 7358
5688 7353
5660 7293
5673 7248
5694 7201
5632 7256
5644 7363
5615 7214
5665 7286
5650 7398
5650 7355
5638 7301
5680 7267
5693 7274
5670 7255
5633 7231
5632 7240
5654 7393
5646 7343
5625 7397
5687 7215
5670 7379
5676 7388
5601 7338
5626 7325
5687 7355
5645 7245
5641 7325
5685 7202
5698 7354
5682 7344
5655 7338
5698 7370
5602 7319
5634 7301
5640 7361
5646 7311
5625 7373
5623 7392
5677 7290
5646 7230
5677 7310
5698 7382
5644 7229
5617 7227
5696 7209
5651 7278
5631 7217
5695 7230
5663 7360
5641 7301
5640 7393
5642 7227
5660 7279
5606 7231
5643 7349
5658 7207
5616 7313
5664 7348
5603 7290
5659 7238
5644 7216
5632 7220
5626 7351
5669 7356
5636 7216
5646 7323
5667 7377
5609 7381
5697 7356
5688 7364
5627 7352
5620 7207
5605 7226
5620 7359
5629 7226
5692 7392
5652 7282
5661 7327
5697 7264
5654 7306
5665 7306
5643 7379
5632 7368
5677 7312
5650 7350
5656 7200
5615 7319
5611 7335
5670 7325
5672 7358
5629 7223
5691 7307
5600 7260
5650 7329
5617 7389
5697 7362
5667 7362
5671 7226
5647 7200
5613 7216
5682 7313
5656 7372
5656 7244
5616 7232
5645 7359
5647 7228
5665 7255
5652 7204
5698 7394
5601 7263
5617 7388
5603 7312
5663 7248
5680 7311
5637 7236
5685 7311
5653 7322
5671 7210
5619 7336
5644 7206
5649 7340
5700 7344
5635 7367
5646 7223
5691 7287
5691 7302
5656 7227
5633 7211
5650 7359
5671 7355
5663 7265
5600 7209
5641 7261
5688 7264
5649 7232
5698 7315
5659 7314
5661 7364
5667 7399
5700 7220
5627 7372
5609 7398
5687 7239
5626 7295
5670 7270
5659 7384
5611 7218
5652 7247
5608 7254
5602 7287
5677 7284
5663 7372
5640 7310
5668 7293
5683 7396
5607 7323
5600 7321
5622 7313
5668 7208
5649 7384
5651 7354
5613 7345
5605 7271
5687 7320
5688 7318
5694 7300
5687 7354
5679 7223
5633 7316
5641 7324
5602 7367
5642 7331
5635 7337
5615 7296
5662 7303
5681 7325
5689 7375
5644 7236
5646 7201
5666 7368
5627 7216
5627 7271
5665 7340
5638 7210
5665 7209
5661 7358
5609 7388
5668 7359
5622 7239
5653 7352
5684 7373
5699 7298
5692 7311
5685 7218
5666 7395
5646 7358
5656 7222
5619 7254
5643 7307
5621 7299
5690 7295
5668 7308
5606 7350
5655 7250
5624 7209
5679 7237
5657 7286
5603 7256
5632 7232
5661 7202
5661 7342
5680 7311
5682 7301
5649 7399
5672 7396
5663 7314
5677 7358
5646 7287
5666 7215
5681 7270
5629 7353
5686 7340
5622 7359
5607 7227
5602 7380
5659 7357
5624 7348
5643 7345
5622 7309
5611 7313
5634 7294
5627 7224
5630 7301
5645 7304
5649 7301
5627 7377
5640 7370
5608 7303
5603 7302
5658 7354
5663 7234
5687 7313
5644 7238
5636 7327
5638 7253
5641 7373
5662 7206
5619 7270
5664 7303
5667 7290
5682 7373
5628 7353
5684 7308
5644 7247
5682 7393
5672 7352
5642 7371
5639 7333
5688 7365
5693 7261
5614 7258
5611 7355
5609 7246
5615 7364
5655 7323
5644 7377
5637 7277
5612 7397
5660 7301
5627 7389
5653 7269
5699 7361
5640 7329
5691 7313
5643 7265
5666 7208
5696 7222
5634 7361
5682 7387
5675 7314
5657 7311
5628 7228
5625 7234
5690 7307
5612 7219
5603 7218
5601 7259
5613 7399
5677 7243
5649 7337
5648 7292
5658 7226
5667 7373
5632 7300
5623 7270
5669 7281
5605 7397
5628 7345
5625 7289
5649 7233
5678 7339
5653 7221
5700 7205
5656 7310
5627 7201
5690 7298
5616 7273
5634 7252
5613 7382
5656 7267
5600 7317
5655 7218
5690 7267
5687 7243
5681 7269
5628 7381
5684 7253
5608 7355
5700 7397
5636 7250
5638 7359
5624 7264
5664 7304
5607 7209
5691 7255
5627 7286
5678 7372
5622 7296
5624 7226
5678 7237
5649 7338
5674 7368
5686 7220
5638 7236
5638 7263
5697 7391
5648 7377
5666 7259
5618 7292
5657 7307
5672 7302
5655 7363
5611 7330
5667 7233
5682 7248
5634 7242
5687 7322
5700 7393
5691 7357
5614 7221
5640 7207
5661 7357
5621 7299
5611 7302
5680 7225
5657 7213
5646 7316
5627 7389
5664 7370
5600 7279
5659 7390
5674 7261
5693 7207
5618 7353
5682 7359
5669 7309
5695 7330
5670 7308
5680 7247
5676 7271
5674 7222
5690 7373
5641 7351
5657 7299
5632 7236
5656 7284
5621 7373
5666 7286
5660 7370
5644 7264
5626 7272
5612 7360
5604 7337
5681 7249
5692 7378
5634 7288
5650 7379
5655 7329
5657 7347
5671 7307
5676 7252
5681 7394
5671 7293
5656 7231
5605 7362
5646 7240
5606 7206
5668 7231
5673 7360
5693 7382
5626 7375
5600 7382
5646 7245
5668 7257
5692 7213
5631 7273
5645 7228
5651 7352
5643 7225
5648 7332
5698 7294
5630 7238
5636 7340
5676 7290
5665 7345
5676 7255
5680 7322
5693 7290
5654 7312
5654 7321
5662 7282
5628 7202
5652 7385
5600 7250
5699 7267
5651 7369
5676 7204
5655 7244
5612 7281
5623 7270
5622 7352
5669 7288
5624 7227
5606 7347
5673 7292
5689 7214
5652 7221
5689 7358
5648 7349
5660 7340
5641 7346
5642 7317
5672 7244
5664 7321
5658 7296
5675 7318
5647 7353
5610 7385
5631 7277
5699 7307
5672 7204
5691 7246
5629 7252
5681 7281
5636 7220
5692 7375
5625 7290
5700 7363
5620 7252
5601 7291
5634 7218
5616 7232
5665 7327
5625 7248
5612 7277
5613 7349
5656 7343
5605 7223
5618 7377
5672 7387
5691 7223
5670 7305
5687 7244
5601 7296
5607 7274
5698 7346
5664 7374
5674 7233
5674 7354
5683 7363
5653 7214
5666 7373
5626 7206
5659 7314
5653 7287
5650 7301
5608 7350
5651 7387
5684 7283
5601 7269
5633 7240
5655 7256
5641 7311
5666 7345
5605 7304
5652 7367
5668 7228
5686 7299
5638 7308
5687 7221
5618 7210
5678 7219
5643 7348
5654 7200
5664 7315
5700 7216
5600 7262
5630 7270
5624 7212
5621 7216
5698 7354
5623 7398
5623 7216
5608 7254
5689 7207
5667 7392
5672 7210
5694 7205
5653 7201
5631 7216
5689 7224
5674 7230
5679 7378
5684 7358
5627 7257
5611 7327
5673 7281
5698 7235
5605 7393
5664 7216
5683 7342
5609 7309
5614 7384
5617 7328
5673 7306
5660 7331
5627 7358
5658 7321
5624 7300
5608 7262
5683 7373
5695 7338
5660 7358
5652 7383
5605 7365
5680 7213
5650 7357
5607 7279
5684 7393
5661 7288
5633 7266
5648 7245
5629 7353
5679 7384
5615 7347
5612 7264
5697 7346
5692 7399
5662 7254
5695 7225
5669 7289
5661 7237
5616 7248
5615 7307
5612 7355
5607 7307
5612 7394
5613 7317
5690 7209
5642 7398
5604 7331
5677 7361
5656 7313
5683 7208
5665 7308
5636 7290
5667 7384
5619 7358
5639 7388
5640 7294
5689 7397
5603 7299
